.Random.seed <-
c(403L, 319L, 803488923L, 297237930L, 1063300556L, 2036514959L, 
-1810874171L, 721481852L, -1094923054L, -596646835L, 1989113095L, 
1827477742L, 1354185160L, 864804555L, -2007281879L, -1458317448L, 
1209101478L, -305103167L, 1225209683L, -603147262L, -1971580620L, 
288193207L, -688888147L, -466688060L, -715960342L, 1792446549L, 
-550277649L, -408062474L, -707128544L, 1678986467L, 870812033L, 
1108705264L, -759996786L, 466231801L, 333687691L, -467540038L, 
277309116L, -667124225L, -400786603L, -1592267668L, -110884670L, 
2024217373L, -45346409L, -1102329602L, 811031224L, -66902885L, 
-1996299527L, 501195848L, -1446082698L, 2120762033L, 1806340835L, 
-246984270L, -14523900L, -2064410297L, -1715821539L, -150857068L, 
-1159392710L, 1867488389L, -674725537L, 1948881382L, 67076208L, 
1301971859L, 800638001L, 1300155104L, -977679490L, -610434551L, 
-1662432709L, 1936299018L, 677669868L, -1429077905L, 1225760677L, 
-594647204L, -847615182L, -992292307L, 392478951L, 354775566L, 
-1499295768L, 1916285419L, -253902199L, 1692138008L, 1147105606L, 
-453263455L, 1604661811L, -1345499230L, -1663890796L, 447693079L, 
2032639757L, -466708956L, -1547158006L, 1296385909L, 507368143L, 
-12409386L, 698034560L, 1453564355L, -1829669023L, -1805578800L, 
393510190L, -1724920615L, -1071118613L, -1416879270L, -882002660L, 
1848624159L, -283113355L, 854070540L, -936986398L, 297644477L, 
-32098761L, -1248203554L, 1208186904L, -1451989125L, 918234905L, 
-22004824L, 1925868374L, 1422488529L, 1462048643L, -449756654L, 
-2011392604L, 1825706343L, -1165443395L, 2134378036L, -590479974L, 
575703525L, 273888639L, -668222202L, 526395024L, 1896197939L, 
-1224512303L, 93288064L, 635051870L, 1614052521L, -1523519653L, 
-1132821142L, -1451407348L, -1506893745L, -1391322875L, 1653723580L, 
-361663342L, 763408269L, 95893447L, 1967279278L, -1486381816L, 
475101963L, -1513105943L, 1970012856L, 68240742L, -214573567L, 
-173397869L, 636777282L, 323980532L, -1282008841L, -441184019L, 
-601959548L, -1053192790L, 131232533L, 1848283567L, 702878134L, 
2086037472L, -1040013533L, -2045913023L, -255036624L, 599570766L, 
345902009L, -1451614773L, -1518104966L, 449405820L, -466768961L, 
452023445L, 791739052L, -1454098302L, -842786723L, -261386409L, 
-1151626690L, 993007224L, -1435716261L, -1509772103L, 1048206600L, 
-1435885642L, 1860764913L, 1164477219L, -1625139854L, 682717124L, 
-1659167865L, 2135533917L, 1672906580L, -1631355526L, -2062210875L, 
1835973151L, -116036186L, 1316159280L, 71218643L, 651453425L, 
-1919560416L, 194184126L, -2113270839L, -2087621765L, 99834186L, 
1483077036L, 462397615L, -285091227L, 1472094748L, 1836768370L, 
-1926454547L, -1093308633L, -138867890L, 1273447336L, 678864811L, 
-1430874935L, -1823636264L, -190121594L, -489533343L, 2111750643L, 
1237405794L, -1076779308L, -266002473L, 172223949L, -199063196L, 
-978707126L, -984474443L, -1677800433L, 1895769366L, -733675584L, 
1021279107L, -877438559L, -513096304L, 1912542830L, 345026585L, 
-1119384405L, 1069740186L, 2061168732L, 935737554L, -662047232L, 
1216919892L, -1038727704L, -1241930758L, -1642304304L, -1067435732L, 
1074509556L, 1956148626L, -1376935840L, 2140894476L, -1180695840L, 
-998218398L, 1726663336L, 443658828L, 1964420476L, 1504911666L, 
515759216L, -151207100L, -1737623080L, -1093550982L, 1261862448L, 
-748625220L, -1218770092L, -762347454L, 2024593824L, -40745284L, 
-1090878000L, 994815330L, -813572120L, -1406644276L, -1852982532L, 
882449906L, 1915229312L, 148693236L, 743498376L, -1219345606L, 
2062585680L, -489246100L, -1645741932L, -131026606L, 2130233056L, 
312364748L, 8966304L, -260003966L, -1266354456L, -236790036L, 
-758489028L, 519917170L, 575675504L, -2017996252L, 1142194232L, 
-1013786598L, 313788112L, -1159033796L, -1010109292L, -1196484478L, 
-8237120L, 1803782460L, -1786085744L, 100648994L, -1763518456L, 
-1161560948L, 54338588L, -1352383854L, -1872191360L, 298361876L, 
1982894376L, 1220917818L, 502195408L, -1004159892L, 1793023668L, 
713791506L, -720474144L, -131318836L, -2136959520L, -123848158L, 
-1217755864L, 303389964L, 1948005948L, 203327730L, 643081968L, 
-1548914876L, -359340456L, 344664634L, 814862064L, -657401668L, 
-1458566636L, 970493122L, 271969376L, 873839996L, -233764656L, 
-371983326L, 731338408L, 11914124L, 320865724L, -674401230L, 
250507072L, -970308428L, -1934786744L, -1802919238L, -457576688L, 
-1774783252L, -96297900L, -1100144878L, 1615499168L, 1097487308L, 
2084113248L, 1247241410L, 734527016L, 44842412L, -963011780L, 
1028564850L, 1561337648L, -1782946268L, -648750024L, -1653458726L, 
-1528337008L, -994673924L, -1821793388L, 1594953538L, 1310307840L, 
1980489276L, -137379248L, -2062954846L, -1548670136L, 868717068L, 
-1172989732L, -1824581038L, 1781766272L, -739925164L, 1687813608L, 
-936714502L, -1022985392L, -1350472660L, -3446412L, 1838884498L, 
-708129184L, -417077620L, -1443276960L, -1534528798L, -429629272L, 
1681759436L, 1318879740L, -2007394382L, -2131133968L, 104125892L, 
987984728L, -1846935686L, 1726801328L, -832959044L, -1096913836L, 
765509570L, -125692128L, 408310716L, 270831184L, -305755678L, 
1599890792L, 1015350604L, -1503716100L, -1662872846L, 1159899904L, 
1170398836L, 1327684616L, 640821690L, -1523717168L, -1434515988L, 
1843425172L, -1503289646L, 335538784L, 1832695116L, 486035744L, 
-1021176190L, -1561655832L, -1625052180L, -379172292L, 1572300402L, 
1768577904L, 2010577188L, 997104184L, 460020122L, -599401008L, 
-1304449604L, 1909367956L, 94863490L, 1000814016L, 356890428L, 
-53524336L, 233110306L, 840790536L, 642859276L, 1604766108L, 
-2019939822L, -1941610624L, 1449759508L, -983922392L, -913043398L, 
-986827824L, 9922156L, 130777652L, -1879554414L, 2068589920L, 
407560524L, -951381024L, -185458270L, 1709408680L, -507371892L, 
605840828L, 1986191986L, -968942608L, -1777989052L, 187027544L, 
1691771962L, 43138160L, -774282180L, 1799613716L, -1292528958L, 
-112212256L, -2034643844L, -506907952L, -759881310L, 774583336L, 
1671182092L, -286411332L, -1447852238L, -1856549184L, 1809586228L, 
-1972114619L, -1267574385L, -326840056L, -1233794266L, 1010222035L, 
-1198967499L, 208016530L, 2014891104L, -218732087L, -443367173L, 
-2146369844L, -979995814L, 814831183L, 1274983193L, -566399698L, 
740374332L, -568306515L, 800876375L, 2147396256L, -1499560962L, 
663466699L, 1063969997L, 929802234L, -228131784L, 68988385L, 
2092185235L, 1607128244L, -852304446L, -642093609L, -295751135L, 
708862438L, -152373020L, -474839019L, 845756479L, -1579034664L, 
921197046L, 1823177219L, 329395525L, 279304546L, -1513237808L, 
689262073L, 1533306155L, -1122138468L, 1003914442L, 1085599167L, 
-1376775927L, 1387229726L, -717668404L, -565772899L, 1289984039L, 
1500448336L, 1069306606L, 824302491L, 1383918077L, 668724458L, 
-1573951608L, 1103925553L, -558779997L, -897874524L, -1692952494L, 
-2095260761L, -1128972303L, 619588406L, 1168398292L, 1910910309L, 
-421863057L, -1798898776L, 1294586118L, -899305421L, 1872750229L, 
2127322866L, 1409478464L, -133706583L, -932835045L, 994043628L, 
-1171514630L, 1970955055L, -2080117959L, -1089934002L, 845859740L, 
-1596194547L, 916603767L, 1044477824L, -987011618L, -1273775445L, 
2060293549L, 372083226L, -1477440296L, -1336282815L, 1528187379L, 
-845545452L, -945896030L, 265487031L, 410889345L, -1514529658L, 
1227454660L, 1555387893L, 1114931295L, 980941496L, -1994628202L, 
1739092387L, -1538943643L, 434455682L, -682062352L, 1695341465L, 
501513611L, -1578239876L, 190065322L, -574978849L, 146403945L, 
-982216578L, -575149972L, -149196611L, 973586823L, 1871803760L, 
-818458610L, 209095995L, -1211780579L, 1785390794L, -76484120L, 
-1310005551L, 212488899L, -1637058108L, -1501180302L, 990515015L, 
-1449849071L, -202538346L, -113850380L, 1684509061L, 242527439L, 
1410790856L, 607497318L, 177072787L, -1727565323L, 1569536978L, 
-436199392L, -146445815L, -1343147205L, 1432999564L, -1403692262L, 
778202511L, -1101356327L, -1582867090L, 1276723452L, 1102686829L, 
-426043881L, -1286261792L, 975413182L, 1535782283L, 1170513421L, 
